psnr_3d: 25.590614318847656
ssim_3d: 0.8603785435358683
ssim_3d_x: 0.8955867886543274
ssim_3d_y: 0.8007234930992126
ssim_3d_z: 0.8848253488540649
