psnr_3d: 20.109676361083984
ssim_3d: 0.6810905337333679
ssim_3d_x: 0.7517057657241821
ssim_3d_y: 0.5575194358825684
ssim_3d_z: 0.7340463995933533
