psnr_3d: 27.8941707611084
ssim_3d: 0.9162746071815491
ssim_3d_x: 0.9401379823684692
ssim_3d_y: 0.8781793713569641
ssim_3d_z: 0.9305064678192139
