psnr_3d: 24.138782501220703
ssim_3d: 0.8175468643506368
ssim_3d_x: 0.8587558269500732
ssim_3d_y: 0.7456045150756836
ssim_3d_z: 0.8482802510261536
