psnr_3d: 21.287918090820312
ssim_3d: 0.7133316596349081
ssim_3d_x: 0.7780507206916809
ssim_3d_y: 0.6016741394996643
ssim_3d_z: 0.7602701187133789
