psnr_3d: -9.419573783874512
ssim_3d: 0.06299749575555325
ssim_3d_x: 0.07665535062551498
ssim_3d_y: 0.08166210353374481
ssim_3d_z: 0.03067503310739994
